"","Stage","Block","trial.initial.points","trial.final.points","n.left.colour.boxes","left.colour.chosen","percentage.staked","left.won","subject.won"
"1",3,1,100,195,7,1,95,1,1
"2",3,1,195,205,5,1,5,1,1
"3",3,1,205,400,2,0,95,0,1
"4",3,1,400,780,1,0,95,0,1
"5",3,1,780,741,6,0,5,1,0
"6",3,1,741,1445,2,0,95,0,1
"7",3,1,1445,2818,1,0,95,0,1
"8",3,1,2818,141,4,0,95,1,0
"9",3,1,141,100,2,0,95,1,0
"10",3,2,100,195,7,1,95,1,1
"11",3,2,195,380,9,1,95,1,1
"12",3,2,380,741,9,1,95,1,1
"13",3,2,741,37,5,1,95,0,0
"14",3,2,37,72,2,0,95,0,1
"15",3,2,72,140,9,1,95,1,1
"16",3,2,140,273,1,0,95,0,1
"17",3,2,273,532,3,0,95,0,1
"18",3,2,532,100,6,1,95,1,1
"19",5,3,100,5,6,1,95,0,0
"20",5,3,5,10,8,1,95,1,1
"21",5,3,10,8,5,1,25,0,0
"22",5,3,8,100,4,0,95,1,0
"23",5,4,100,75,5,0,25,1,0
"24",5,4,75,4,1,0,95,1,0
"25",5,4,4,8,6,1,95,1,1
"26",5,4,8,16,8,1,95,1,1
"27",5,4,16,31,1,0,95,0,1
"28",5,4,31,16,5,1,50,0,0
"29",5,4,16,31,5,0,95,0,1
"30",5,4,31,60,6,1,95,1,1
"31",5,4,60,117,7,1,95,1,1
